25 112
0 1 1 54
1 1 1 54
2 2 1 68
3 1 2 68
4 6 1 55
5 1 6 55
6 7 1 69
7 1 7 69
8 6 1 67
9 1 6 67
10 3 1 68
11 1 3 68
12 6 1 89
13 1 6 89
14 9 1 65
15 1 9 65
16 15 1 61
17 1 15 61
18 16 1 97
19 1 16 97
20 17 1 85
21 1 17 85
22 20 1 95
23 1 20 95
24 21 1 81
25 1 21 81
26 8 1 52
27 1 8 52
28 9 1 71
29 1 9 71
30 6 1 73
31 1 6 73
32 5 1 61
33 1 5 61
34 7 1 92
35 1 7 92
36 7 1 96
37 1 7 96
38 8 1 93
39 1 8 93
40 9 1 97
41 1 9 97
42 13 1 59
43 1 13 59
44 14 1 59
45 1 14 59
46 7 1 97
47 1 7 97
48 9 1 66
49 1 9 66
50 13 1 74
51 1 13 74
52 13 1 84
53 1 13 84
54 16 1 58
55 1 16 58
56 22 1 61
57 1 22 61
58 11 1 81
59 1 11 81
60 13 1 84
61 1 13 84
62 14 1 77
63 1 14 77
64 12 1 85
65 1 12 85
66 13 1 61
67 1 13 61
68 14 1 50
69 1 14 50
70 24 1 99
71 1 24 99
72 13 1 87
73 1 13 87
74 15 1 78
75 1 15 78
76 16 1 85
77 1 16 85
78 17 1 90
79 1 17 90
80 22 1 79
81 1 22 79
82 16 1 59
83 1 16 59
84 17 1 86
85 1 17 86
86 21 1 93
87 1 21 93
88 17 1 69
89 1 17 69
90 18 1 85
91 1 18 85
92 19 1 86
93 1 19 86
94 20 1 94
95 1 20 94
96 21 1 76
97 1 21 76
98 22 1 58
99 1 22 58
100 21 1 53
101 1 21 53
102 20 1 94
103 1 20 94
104 22 1 76
105 1 22 76
106 23 1 51
107 1 23 51
108 24 1 98
109 1 24 98
110 24 1 98
111 1 24 98
