20 190
   0   1   3  35
   0   2   6  10
   0   3   1  53
   0   4   1  22
   0   5   5  28
   0   6   6  27
   0   7   1  98
   0   8   7  53
   0   9  10  39
   0  10   5  45
   0  11   8  42
   0  12   7  75
   0  13   2  37
   0  14   4  87
   0  15  10  88
   0  16   9  20
   0  17   6  63
   0  18   9  71
   0  19   8  11
   1   2  10  16
   1   3   6  78
   1   4   5  23
   1   5   9  67
   1   6   3  76
   1   7   1  36
   1   8   4  39
   1   9  10  99
   1  10   5  40
   1  11  10  53
   1  12  10  12
   1  13  10  40
   1  14   7  60
   1  15   9  29
   1  16   2  41
   1  17   9  92
   1  18   5  41
   1  19   5  46
   2   3   4  95
   2   4   3  20
   2   5   5  52
   2   6   7  90
   2   7   9  31
   2   8   1  14
   2   9   8  20
   2  10   2  63
   2  11   8  96
   2  12   1  64
   2  13   3  62
   2  14   1  21
   2  15   5  52
   2  16   2  36
   2  17   3  22
   2  18   8  93
   2  19   5  75
   3   4   5  51
   3   5   1  46
   3   6  10  23
   3   7   5  89
   3   8   3  58
   3   9   1  23
   3  10   8  58
   3  11   9  86
   3  12   1  79
   3  13  10  93
   3  14  10  16
   3  15   4  11
   3  16   1  42
   3  17   9  65
   3  18   5  39
   3  19   5  17
   4   5   3  87
   4   6   9  47
   4   7   4  28
   4   8   2  27
   4   9   8  99
   4  10   6  13
   4  11   9  51
   4  12   4  30
   4  13   2  42
   4  14   9  61
   4  15   6  50
   4  16   4  10
   4  17  10  64
   4  18  10  57
   4  19   7  99
   5   6  10  42
   5   7   3  14
   5   8  10  64
   5   9   5  33
   5  10   9  25
   5  11  10  11
   5  12   6  41
   5  13   9  90
   5  14   4  75
   5  15   8  20
   5  16   9  12
   5  17   3  66
   5  18   6  77
   5  19   3  84
   6   7   7  66
   6   8   4  44
   6   9   1  60
   6  10   7  89
   6  11   6  54
   6  12   9  97
   6  13   2  49
   6  14   7  43
   6  15  10  31
   6  16   1  53
   6  17  10  47
   6  18   5  92
   6  19   7  63
   7   8   5  42
   7   9   8  73
   7  10   7  95
   7  11   8  97
   7  12   2  37
   7  13   7  80
   7  14   4  31
   7  15   6  72
   7  16   1  29
   7  17   2  65
   7  18   5  41
   7  19   1  72
   8   9   8  11
   8  10   9  55
   8  11   5  92
   8  12   4  14
   8  13   5  67
   8  14   6  80
   8  15   2  37
   8  16  10  12
   8  17   1  86
   8  18   7  44
   8  19   6  61
   9  10   1  19
   9  11  10  21
   9  12   3  66
   9  13   5  36
   9  14   4  48
   9  15   2  82
   9  16   9  61
   9  17   5  71
   9  18   1  68
   9  19   2  75
  10  11   5  10
  10  12   5  51
  10  13   7  28
  10  14   5  24
  10  15   8  15
  10  16   6  47
  10  17   8  84
  10  18  10  12
  10  19   4  64
  11  12   5  82
  11  13   2  91
  11  14   7  28
  11  15   7  35
  11  16   7  87
  11  17  10  43
  11  18   8  15
  11  19   4  71
  12  13  10 100
  12  14   1  58
  12  15   6  12
  12  16   7  63
  12  17   4  59
  12  18   6  32
  12  19   6  59
  13  14   6  20
  13  15   9  75
  13  16  10  32
  13  17   1  90
  13  18   8  65
  13  19   7  40
  14  15   8  97
  14  16   4  42
  14  17   5  47
  14  18   8  16
  14  19   7  97
  15  16   8  99
  15  17   5  21
  15  18   3  28
  15  19  10  20
  16  17   8  43
  16  18   5  72
  16  19   1  33
  17  18   8  62
  17  19   2  77
  18  19   7  92
