25 112
0 1 1 54
0 2 1 68
0 6 1 55
0 7 1 69
1 6 1 67
2 3 1 68
2 6 1 89
2 9 1 65
2 15 1 61
2 16 1 97
2 17 1 85
2 20 1 95
2 21 1 81
3 8 1 52
3 9 1 71
3 6 1 73
4 5 1 61
4 7 1 92
5 7 1 96
5 8 1 93
5 9 1 97
5 13 1 59
5 14 1 59
6 7 1 97
8 9 1 66
8 13 1 74
9 13 1 84
9 16 1 58
9 22 1 61
10 11 1 81
10 13 1 84
10 14 1 77
11 12 1 85
11 13 1 61
11 14 1 50
12 24 1 99
12 13 1 87
13 15 1 78
13 16 1 85
13 17 1 90
13 22 1 79
15 16 1 59
15 17 1 86
15 21 1 93
16 17 1 69
17 18 1 85
17 19 1 86
17 20 1 94
17 21 1 76
17 22 1 58
18 21 1 53
19 20 1 94
21 22 1 76
22 23 1 51
22 24 1 98
23 24 1 98