20
   0   1   8  82
   0   2   9  97
   0   3   7  56
   0   5   6  22
   0   7  10  99
   0  10   8  81
   0  11   7  34
   0  14   8  49
   0  16  10  45
   1   3  10  38
   1   5   8  85
   1   6   7  69
   1   8   9 100
   1  13  10  32
   1  14   8  98
   1  15   7  18
   1  16   6  17
   1  17   7  83
   2   5   8  34
   2   8  10  10
   2   9   6  22
   2  10   6  58
   3   4  10  88
   3   6  10  17
   3   8   9  49
   3  11   8  84
   3  12   6  44
   3  13   6  60
   3  14  10  88
   3  16   7  90
   3  17   6  46
   3  18  10  23
   4   5   8  96
   4   7   6  19
   4  18   6  34
   5   6   6  82
   5   8  10  53
   5   9   7  51
   5  10   8  80
   5  12   7  57
   5  15   8  39
   5  17   6  37
   5  18   8  61
   6   8   8  47
   6   9  10  59
   6  11   8  20
   6  13   6  21
   6  14   6  41
   6  15   8  56
   6  16   7  75
   6  19  10  76
   7  10   6  85
   7  13   6  13
   7  16   6  14
   8  10   8  31
   8  12   6  95
   8  13  10  55
   8  14   6  19
   8  15   8  45
   8  17   8  92
   8  19  10  47
   9  10  10  92
   9  13   7  12
   9  14   9  31
   9  15   6  86
   9  16   7  21
   9  18   9  13
   9  19   8  63
  10  11   8  25
  10  12   8  54
  10  13   7  16
  10  14   9  61
  10  17   6  48
  11  12   8  87
  11  15   8  64
  11  16   8  46
  12  14   8  43
  13  16   7  57
  13  17   9  93
  13  18   6  50
  14  17   6  64
  15  17   9  56
  15  18   6  19
  17  19   8  55
  18  19   7  49
