25 112
0 1 1 540
0 2 1 680
0 6 1 550
0 7 1 690
1 6 1 670
2 3 1 680
2 6 1 890
2 9 1 650
2 15 1 610
2 16 1 970
2 17 1 850
2 20 1 950
2 21 1 810
3 8 1 520
3 9 1 710
3 6 1 730
4 5 1 610
4 7 1 920
5 7 1 960
5 8 1 930
5 9 1 970
5 13 1 590
5 14 1 590
6 7 1 970
8 9 1 660
8 13 1 740
9 13 1 840
9 16 1 580
9 22 1 610
10 11 1 810
10 13 1 840
10 14 1 770
11 12 1 850
11 13 1 610
11 14 1 500
12 24 1 990
12 13 1 870
13 15 1 780
13 16 1 850
13 17 1 900
13 22 1 790
15 16 1 590
15 17 1 860
15 21 1 930
16 17 1 690
17 18 1 850
17 19 1 860
17 20 1 940
17 21 1 760
17 22 1 580
18 21 1 530
19 20 1 940
21 22 1 760
22 23 1 510
22 24 1 980
23 24 1 980
1 0 1 540
2 0 1 680
6 0 1 550
7 0 1 690
6 1 1 670
3 2 1 680
6 2 1 890
9 2 1 650
15 2 1 610
16 2 1 970
17 2 1 850
20 2 1 950
21 2 1 810
8 3 1 520
9 3 1 710
6 3 1 730
5 4 1 610
7 4 1 920
7 5 1 960
8 5 1 930
9 5 1 970
13 5 1 590
14 5 1 590
7 6 1 970
9 8 1 660
13 8 1 740
13 9 1 840
16 9 1 580
22 9 1 610
11 10 1 810
13 10 1 840
14 10 1 770
12 11 1 850
13 11 1 610
14 11 1 500
24 12 1 990
13 12 1 870
15 13 1 780
16 13 1 850
17 13 1 900
22 13 1 790
16 15 1 590
17 15 1 860
21 15 1 930
17 16 1 690
18 17 1 850
19 17 1 860
20 17 1 940
21 17 1 760
22 17 1 580
21 18 1 530
20 19 1 940
22 21 1 760
23 22 1 510
24 22 1 980
24 23 1 980